matrix A
84.018772 	 33.522276 	 36.478447 	 14.160256 	 15.667909 	 51.293239 	 
33.522276 	 76.822959 	 51.340091 	 60.696888 	 40.094439 	 83.911223 	 
36.478447 	 51.340091 	 95.222973 	 1.630057 	 12.979045 	 61.263983 	 
14.160256 	 60.696888 	 1.630057 	 24.288677 	 10.880880 	 29.603162 	 
15.667909 	 40.094439 	 12.979045 	 10.880880 	 99.892452 	 63.755227 	 
51.293239 	 83.911223 	 61.263983 	 29.603162 	 63.755227 	 52.428719 	 
Second part
Row by row eigenvalue.
Number of eigenvalues asked to find, and corresponding number of sweeps below:
0	1	2	3	4	5
0	72	86	195	220	222	


The corresponding eigenvalues found:
Eig
84.018772 	 -33.508943 	 -33.508943 	 -33.508943 	 -33.508943 	 -33.508943 	 
76.822959 	 122.811860 	 -19.140567 	 -19.140567 	 -19.140567 	 -19.140567 	 
95.222973 	 103.399562 	 204.476902 	 54.585145 	 54.585145 	 54.585145 	 
24.288677 	 70.134238 	 72.071465 	 210.522645 	 60.521683 	 60.521683 	 
99.892452 	 103.891022 	 106.049704 	 112.293133 	 247.397278 	 91.163910 	 
52.428719 	 65.946813 	 102.725991 	 107.923138 	 122.819955 	 279.053323 	 
The eigenvalues found by full sweep(cyclic):
-33.5089
-19.1406
54.5851
60.5217
91.1639
279.053
Notice that finding 5 eigenvalues is the same as finding all 6.
Descending order:
279.053
91.1639
60.5217
54.5851
-19.1406
-33.5089
Comparison:
Size = 120.
Sweeps:
full sweep(cyclic) ascending: 5
eig by eig single eigenvalue ascending: 161
eig by eig all eigenvalues ascending: 58130
full sweep(cyclic) descending: 5
eig by eig single eigenvalue descending: 6
eig by eig all eigenvalues descending: 30938
